10 0.09389305114746094
10 0.0011281967163085938
10 0.004143953323364258
10 0.0030400753021240234
10 0.0016319751739501953
10 0.0028879642486572266
10 0.0027191638946533203
10 0.0036461353302001953
10 0.0028781890869140625
10 0.00431513786315918
50 1.1664531230926514
50 0.7643170356750488
50 0.9251911640167236
50 1.185244083404541
50 1.0674810409545898
50 1.2028710842132568
50 1.0579161643981934
50 1.0323281288146973
50 1.186755895614624
50 1.0743000507354736
100 18.405364990234375
100 10.544415950775146
100 13.894077062606812
100 17.27192497253418
100 9.262854814529419
100 8.295231103897095
100 7.6622231006622314
100 6.482273101806641
100 7.828482151031494
100 8.692211151123047
150 24.87097191810608
150 35.51064395904541
150 24.431704998016357
150 26.685965061187744
150 29.761242866516113
150 24.79498791694641
150 24.552448987960815
150 25.863157033920288
150 27.62111783027649
150 25.072959899902344
200 56.45305800437927
200 52.560927867889404
200 67.87514400482178
200 52.23986887931824
200 61.1835880279541
200 60.764469146728516
200 58.84956502914429
200 64.22352600097656
200 62.86749505996704
200 58.881004095077515
250 116.59888505935669
250 115.61641693115234
250 118.8247640132904
250 106.62366199493408
250 108.50278902053833
250 111.78208899497986
250 114.95046210289001
250 101.66518807411194
250 111.55016493797302
250 109.54013419151306
300 180.5556080341339
300 185.04505705833435
300 171.41641306877136
300 205.50802302360535
300 201.33734893798828
300 197.85444593429565
300 185.48130202293396
300 210.16543292999268
300 188.8853600025177
300 200.4125120639801
