10 0.07691383361816406
10 0.0031380653381347656
10 0.004997968673706055
10 0.0038449764251708984
10 0.004662990570068359
10 0.003305196762084961
10 0.004481077194213867
10 0.0036911964416503906
10 0.0018842220306396484
10 0.002357959747314453
50 1.4191360473632812
50 0.8239428997039795
50 1.3077170848846436
50 1.134709119796753
50 1.0275969505310059
50 1.2763049602508545
50 1.1260368824005127
50 1.1469411849975586
50 1.0109219551086426
50 1.299428939819336
100 9.101212978363037
100 8.412406921386719
100 10.467062950134277
100 8.523123025894165
100 11.048589944839478
100 11.354156970977783
100 10.98216199874878
100 12.12464690208435
100 11.679224014282227
100 9.601646184921265
150 34.74711799621582
150 36.83781909942627
150 37.719882011413574
150 30.56697988510132
150 31.972707986831665
150 33.28475213050842
150 31.027331829071045
150 37.26340103149414
150 32.72484588623047
150 31.9514639377594
200 74.2763090133667
200 76.23078799247742
200 68.46559691429138
200 78.46263408660889
200 73.75497913360596
200 1646.9363400936127
200 77.69947409629822
200 66.71485304832458
200 66.44121217727661
200 72.24105596542358
250 149.52425718307495
250 130.95744609832764
250 121.17615795135498
250 114.88726115226746
250 142.08774399757385
250 134.16211009025574
250 171.98770904541016
250 153.5625650882721
250 143.85919213294983
250 137.43894791603088
300 243.8873598575592
300 229.91608214378357
300 225.1556580066681
300 344.9125769138336
300 242.272362947464
300 232.53532886505127
300 241.544499874115
300 227.15871500968933
300 231.14340901374817
300 209.3168818950653
