250 0.029590845108032227 0.028022050857543945
250 0.030234098434448242 0.03326988220214844
250 0.03477811813354492 0.030389070510864258
250 0.03419995307922363 0.032579898834228516
250 0.03706097602844238 0.027827978134155273
250 0.03216910362243652 0.02691507339477539
250 0.032022953033447266 0.0316619873046875
250 0.035262107849121094 0.02653980255126953
250 0.031108856201171875 0.03271007537841797
250 0.02962207794189453 0.02899479866027832
500 0.1442570686340332 0.1150059700012207
500 0.13698101043701172 0.13645505905151367
500 0.13616204261779785 0.12697505950927734
500 0.13781189918518066 0.1178741455078125
500 0.1256849765777588 0.11926794052124023
500 0.12796902656555176 0.12758111953735352
500 0.13765311241149902 0.1318190097808838
500 0.14827418327331543 0.12651491165161133
500 0.13294100761413574 0.12761902809143066
500 0.13133692741394043 0.12960600852966309
750 0.3180727958679199 0.28204917907714844
750 0.3177318572998047 0.28838086128234863
750 0.3068850040435791 0.291903018951416
750 0.3200199604034424 0.4249989986419678
750 0.3018789291381836 0.2772037982940674
750 0.3173849582672119 0.28385400772094727
750 0.31282806396484375 0.2730441093444824
750 0.30070996284484863 0.27841782569885254
750 0.3032550811767578 0.27791905403137207
750 0.2988579273223877 0.26634693145751953
1000 0.5350680351257324 0.49361395835876465
1000 0.5398530960083008 0.515437126159668
1000 0.5391080379486084 0.4867279529571533
1000 0.5470139980316162 0.49886512756347656
1000 0.5431060791015625 0.47371792793273926
1000 0.6604809761047363 0.5107851028442383
1000 0.5291659832000732 0.4957401752471924
1000 0.5550539493560791 0.4899258613586426
1000 0.5350790023803711 0.5021319389343262
1000 0.548846960067749 0.5124049186706543
1250 0.8725519180297852 0.7718181610107422
1250 0.8801720142364502 0.788398027420044
1250 0.8970708847045898 0.8190779685974121
1250 0.8637650012969971 0.7718460559844971
1250 0.8438780307769775 0.7932569980621338
1250 0.8904528617858887 0.8335390090942383
1250 0.8556070327758789 0.7609758377075195
1250 0.8782880306243896 0.8929929733276367
1250 0.8456029891967773 0.7680461406707764
1250 0.8539021015167236 0.8100390434265137
1500 1.2353010177612305 1.146963119506836
1500 1.2640440464019775 1.1467719078063965
1500 1.340475082397461 1.1182770729064941
1500 1.2406959533691406 1.1385490894317627
1500 1.2369201183319092 1.114954948425293
1500 1.2596559524536133 1.2381279468536377
1500 1.216101884841919 1.118757963180542
1500 1.2178699970245361 1.1166942119598389
1500 1.236419916152954 1.1966619491577148
1500 1.2288849353790283 1.2559831142425537
1750 1.671985149383545 1.5096080303192139
1750 1.711393117904663 1.577143907546997
1750 1.8001041412353516 1.5834641456604004
1750 1.7667961120605469 1.516892910003662
1750 1.7313718795776367 1.5688071250915527
1750 1.8712449073791504 1.5984041690826416
1750 1.7745060920715332 1.6581711769104004
1750 1.7769560813903809 1.7168099880218506
1750 1.8548431396484375 1.580639123916626
1750 1.8155009746551514 1.6645238399505615
