15539
6050
27391
59983
23100
2617
5545
1545
8103
30729
26087747510549896
9436064372691204
5443226388709348
14899000796720504
19803137476349712
29882711408906048
9100320539934848
1285468065066480
46602713254245688
6868078917127082
43631884780704511415881302016
7149650488193220651268440064
95941242197998733281812545536
69482899181776516112105603072
75162731099967038394015416320
12229442195504669348419600384
8882213483879860871360413696
94408127567971002740377649152
12885329849806677108099907584
74471231501666447048440807424
40459978129258581280466567351226928726016
83402760051040380926040281521124349575168
221261469622967724871892106542020158291968
55663126120395363891294608846217304604672
4910387312287220801021062223747765764096
290557377557001446103668425316558167867392
162717372597458536384606212795960332910592
19008267412342474087893966764614250135552
922961685774401522023085089066563141632
378833922309403940409104339304493768245248
77929220236848246606625733930445852826638721105264640
87598425769608757602215665859845318055595244651544576
7366603223329632331532529010640449160400617722139901952
3499272911947464824082068205023504615303698092405030912
4158006580689741835549464741236515594183970306129920
611190306932893676279689188734881139047123241832284160
64992444468264192253577859506208090406788684845154304
67474117703544322353538603542966087907928900158619648
518204203246063289962958957910377196926647431453474816
56458669325621868362875114474629760154936387806691328
1523660742450673899144227551123135515454697298789133659126324264960
18008342241503958367934536874678880766310873685696739613252945707008
136806752915716910606226448618552043659800372764638966235342569472
181055613621920569549407032178801872399289590451269166687050237214720
6312111625843242591355596761973653491865847422881644169166325809152
10985119630938789145302096885334346333860041027070821840679285555200
747782854273424867457729555691504064847573974522151674891888230400
26186699290997778977176981500148176441388114387347956451502670741504
244519264448613543846271214402803385042912563181385621260004753408
9616303727209838334174293937137301880527446661319407950478572519424
1726990560310753728633713881642680969624723923294201953059822002304405462843392
3861684985884165991708059308391259016543278961603674542676281279111752404959232
1934770075139343263830341527019384653376139844903496375199587493424771025076224
7148277730117585875942024771719883121772528795948320836687221583812367482880
176947103708043084709055589120525556318696052377548825106167212771428412568895488
14322581997513422657141655002634271449858567002556910478491276985539908486561792
29158776150827472681334510118886908816243243342531613638889290927836479614877696
4634403880559756795644404442879555880041798524614061780268567532889012889976832
198288924470376949909232757961427455015255585999699910564921476172690793867247616
40402435291194445084850662641250545400755407970822060168145952958383404292767744
