15727
17195
9491
7607
17834
30049
21278
4138
4523
16377
4114969729456910
77075784142307328
20050743396566620
11773096841453458
6418709034534180
76982637858517008
1022959808829206
891173924357674
53795899939095344
19478283832094996
23450214000705558166527541248
6841380029327149635614015488
262513438810483103970493464576
2066945032261549502251401216
3010888778997292961129037824
37286262518551107878416023552
32103607946350217250262220800
194066431919722807420545662976
6922085424395867601898569728
204617530415079153682442354688
29054350368782255949022525356574026760192
229248242243359951506935456486185616015360
91178885955429913657965732669876567277568
344427242182704150581962078131755346296832
163558141511835586027275910350623834374144
2913141601629818027552476307663446081536
71765055128675054614517936765547243896832
59784660204592228007971158143565368918016
148882412748579964841351294480443267612672
27198598738521523978701536638835873546240
2161355643468310208465296480088714684840249223316242432
7605839471197189178509458946357536971148781784458592256
365979092292204351497208854904251735657240998258409472
19007797389549937566754213801923747340348389555437568
1101012438996670656302896842623176688593385376786153472
313709642853660146943370198957911033925182682180878336
697136444409527115474697361189950522531384165423644672
252501496641897405604678478544158819866045328494952448
84517442293716948104776509216550994080799092153253888
3865977772792887325530412233086572075536701837562347520
1099077813142697402218611757200386720148246737418238259273175924736
291475508825799607003066037000409119370010087878387249008456237056
89790965525361789671267634830634419665129497609931866315566350336
675124384430565521479139880489597315809258993291609699195048427520
29678419585637783630371328861561034792138125404934963309424223977472
189855801089265493835798962108041174780648730757489691560767389696
1410121938186373463742703215603093870750502614636360283328568360960
79109051284844903127005477245739603068707108088706061152209076224
4356498424232192070834280096559927177388582993654320714201350275072
26555783716675322445974970108331997064409209100853132665523334545408
5589111314452577485011708998415633005615079232622498600511895700900034845343744
51652984864849805965597139478578405257468188560626862061689329444446156347146240
75251984313720070413078751169051378037626325306366439441117454860755970778202112
882571126877610985675964253530429922190232971270947044331393457502088727625728
101161244279098778983228775079942371817202800905477233037585386639541217001472
28103443050805403490351009013346101345264859898490061263763591323737711968256
2860616479761359801838368468016067737932336918234623516425249461840616412413952
6061430928489547743481247702110395062633515448372071515524362686553122366554112
52280761750025801129941641287167604504101341654588637089315258360934376144896
230561067324155085561028039443885063992268826515494010526643674813051034788691968
