1267
1174
563
676
1768
873
998
1183
304
1539
70668468578
898910004707
2463806244315
247868404163
114056720296
2596999718745
314796537583
351858995140
783364084635
1604692191675
1749138015679812206592
354331014603107598336
412594241784323702784
1184790482859261427712
4069381759727042560000
954221838557731356672
61776304514239563825152
6066228325761771520
442516160669475405824
1550788588177838047232
31764176016291441648437609627648
4477375300387650578062086504448
23398111503742798942236468838400
28479251903748421457704799698944
86651259771291140344816179609600
14807765143201812009683481788416
3274512629797476067999758680064
50309181936077634316200816148480
144645940124145060502425414139904
1000541286324437630191322963902464
40393273622858222658519121764988926033920
13520635210676858256265414098002135482368
23189815767881989604939981783149454557184
38708978280491544868186418796421804195840
187975347646691676276626000803046359040
1675778800024232070158578115073505652375552
4556720390505932841423230216967651590144
8422835575460992339939688765551628255232
7903478848671963879302801720518689947648
11034406836089180054249655780407471243264
235548072322687839822294588418952719250153883566080
211478575882223176683307201885424624086106014482432
1949226247773711706278057495875572099754663870464
1697677554336099186810646673261562258368561013587968
31899963729303915081985060516244671697808468738048
2078967111644348677849456659931325057504530797690880
3356999626642792789906577554796273498721210517684224
823654717864418189192551018176021575191072138592256
89771086526056316786422307537386425312669543170048
2513151332488563633810463984103954997254034328387584
85319256939681030626936960117642168535332772168313258366730240
51619458460812438990934177527046510832938022055984035266560
2156835070289980457726978666451905361489235676258905098289152
87941811872938702518770751412956232274968828851058718539776
69944100013257982440989207157634780905657431473664538181632
207422923162267338113627232449299804764034224138282202038272
2786139833806866443549407122061262927435295221976468927021056
220371098891767555053662366890293226652747970518070281176612864
18618596648996399650490605619445069406835943968888951228334080
8598800646327799557627097599044274854472664957113958326599680
