1
1
1
1
2.5
8.5
21.0625
44.6875
96.4609375
222.0859375
527.7431640625
1252.3896484375
2947.9730224609375
6940.9715576171875
16466.490982055664
39364.16850280762
94512.39735984802
227457.63727378845
548724.2334082127
1327700.1867501736
3222326.3385139406
7841468.969663113
19125479.740047816
46743996.847828194
114472613.76745139
280868161.08775705
690359232.0987909
1699661270.968327
4190982603.510343
10348960966.264545
25590030972.072315
63358538617.20204
157060961128.22992
389790304722.9412
968427627934.5305
2408533066245.6104
5996047043140.079
14941134371801.805
37263942742437.62
93017074595124.81
232374462912169.38
580965442088518.8
1453562514333108.5
3639359044036296.0
9118239263905364.0
2.2860191553110188e+16
5.7348251702990536e+16
1.439531723673886e+17
3.6155382226961306e+17
9.085855478680863e+17
2.2844984205715302e+18
5.746978608410034e+18
1.4464517336358066e+19
3.642305330722534e+19
9.175919070315187e+19
2.3126865468959975e+20
5.8313813558735707e+20
1.4709821443974045e+21
3.712092265367242e+21
9.371301824335513e+21
2.3667127620446045e+22
5.979302870384652e+22
1.5111586655318035e+23
3.820493392089226e+23
9.662161191045716e+23
2.444388890994956e+24
6.185908087932782e+24
1.5659211016086725e+25
3.965206582217678e+25
1.0043560927679674e+26
2.544673996657433e+26
6.449051297469652e+26
1.6348412993079648e+27
4.145418919705142e+27
1.0514082731232312e+28
2.667360341997538e+28
6.768565337706739e+28
1.7179621781601368e+29
4.3614420361581504e+29
1.107499995728842e+30
2.812886165568725e+30
7.145837458087579e+30
1.8157016878021057e+31
4.61449478121976e+31
1.1729786323838947e+32
2.9822247662456172e+32
7.58355934597489e+32
1.9287965934628594e+33
4.9065771496813546e+33
1.2483834120090296e+34
3.1768217816668605e+34
8.085588241523525e+34
2.058271920242474e+35
5.240403599283852e+35
1.334431017783114e+36
3.398564492125957e+36
8.656882668617e+36
2.205427822105634e+37
5.619377155283649e+37
1.4320107544068278e+38
3.649773634995926e+38
9.303491247917253e+38
2.371839000448207e+39
6.047593262555231e+39
1.5421867856332296e+40
3.9332120692670356e+40
1.0032581778741457e+41
2.559363773132254e+41
6.529866830419525e+41
1.6662059614695343e+42
4.2521069500708165e+42
1.0852503066817204e+43
2.770161103024365e+43
7.071778678871174e+43
1.8055103876194644e+44
4.610183526224305e+44
1.1772875315878779e+45
3.0067146645449144e+45
7.679739370375038e+45
1.9617543001955679e+46
5.011709624594507e+46
1.2804707107838975e+47
3.2718635400129996e+47
8.361069607843054e+47
2.1368250882481147e+48
5.461550539624698e+48
1.3960538532705585e+49
3.56883949912551e+49
9.12409723240067e+49
2.332868508434655e+50
5.965234524972326e+50
1.525461116781621e+51
3.901311086460779e+51
9.978271504186854e+51
2.5523182920259904e+52
6.529029459319078e+52
1.6703066511402817e+53
4.273434961109852e+53
1.093429588176439e+54
2.7979304741027874e+54
7.16003157515824e+54
1.8324175251549007e+55
4.689915123224655e+55
1.200428098557649e+56
3.0728228908902247e+56
7.86626742696926e+56
2.0138600465922408e+57
5.156070840125786e+57
1.3201919874754416e+58
3.3805204022030745e+58
8.656810553489413e+58
2.216969854668666e+59
5.677914260523259e+59
1.4542688210061002e+60
3.7250065079665286e+60
9.541914572062346e+60
2.4443862362534265e+61
6.26223888741188e+61
1.60440723380272e+62
4.110782145328213e+62
1.0533164742282135e+63
2.699091193232649e+63
6.916720274703983e+63
1.7725828827880382e+64
4.5429325797400995e+64
1.1643650360527814e+65
2.9844538714781286e+65
7.650030525149045e+65
1.961027953719076e+66
5.027203442905427e+66
1.2888160704745312e+67
3.304281053646825e+67
8.471968402649538e+67
2.172264688696301e+68
5.570087125819679e+68
1.4283407647917054e+69
3.662874520600681e+69
9.393607135735751e+69
2.4091434704818513e+70
6.178920909486587e+70
1.584827850715928e+71
4.065096201627336e+71
1.042746228590107e+72
2.674886075915591e+72
6.861998412612317e+72
1.760412320183849e+73
4.5164421640443995e+73
1.1587682390290792e+74
2.973134797195354e+74
7.628696158313888e+74
1.9575080367819256e+75
5.023126640559995e+75
1.289026546898151e+76
3.308008227883388e+76
8.489617314626597e+76
2.178844772622074e+77
5.592177460587335e+77
1.4353304919572995e+78
3.684164621957238e+78
9.456754950847184e+78
2.4275102745407236e+79
6.231544442530392e+79
1.599726881365876e+80
4.106873861003005e+80
1.0543677478549244e+81
2.706998047735771e+81
6.950222521220888e+81
1.7845317169569093e+82
4.5820992089705224e+82
1.1765739318171085e+83
3.021261640876753e+83
7.758391631983952e+83
1.992366241335524e+84
5.1165901982911006e+84
1.3140320255896421e+85
3.374776325996992e+85
8.667575654553163e+85
2.22619789664264e+86
5.717988178464776e+86
1.468709743850518e+87
3.7726091910063367e+87
9.690823041155595e+87
2.489386872621366e+88
6.394946271719458e+88
1.6428354504387236e+89
4.2204988046184015e+89
1.084291211914032e+90
2.7857390150156855e+90
7.157265723750756e+90
1.8389332976582867e+91
4.724945775345383e+91
1.2140584475910573e+92
3.119565972965642e+92
8.016050915115317e+92
2.0598631759492389e+93
5.293315710798751e+93
1.360281030993802e+94
3.495753586819166e+94
8.983885615422335e+94
2.3088661397295763e+95
5.933956294074021e+95
1.525109017459565e+96
3.919839657806452e+96
1.0075033423583765e+97
2.589616068342427e+97
6.6563304341759975e+97
1.710979816096133e+98
4.398102400769323e+98
1.130566574936874e+99
2.9062784272934246e+99
7.471167721467711e+99
1.9206572272467604e+100
4.937661063404299e+100
1.2694121161589322e+101
3.2635771162020274e+101
8.3906367318066e+101
2.1572758550714315e+102
5.546590403470453e+102
1.4261200464676315e+103
3.666870528243302e+103
9.428541079869703e+103
2.424391643209642e+104
6.234050952782901e+104
1.6030502477632664e+105
4.122238103761604e+105
1.0600542529436743e+106
2.7260393865336845e+106
7.010437267744041e+106
1.802880618814288e+107
4.6365788409755725e+107
1.1924414933280128e+108
3.066798191906632e+108
7.887546675436466e+108
2.0286505752323433e+109
5.2177234324449014e+109
1.3420333306012256e+110
3.451865997744264e+110
8.878771377373195e+110
2.2838105721295547e+111
5.874561930871631e+111
1.5111202939135449e+112
3.887144418464536e+112
9.9993171761181e+112
2.5722784915561215e+113
6.617189116016855e+113
1.7023034159368068e+114
4.37933535835899e+114
1.1266452550298337e+115
2.898503855551186e+115
7.457070040782942e+115
1.918536912132888e+116
4.936051043204195e+116
1.26997923291812e+117
3.267540961231134e+117
8.407228584275986e+117
2.163176792788916e+118
5.5659393506616275e+118
1.4321620818335428e+119
3.685132189203168e+119
9.48246223913765e+119
2.4400362401979656e+120
6.278826586336014e+120
1.615725991359805e+121
4.157802913475021e+121
1.0699586816730179e+122
2.753448701069667e+122
7.085880155999757e+122
1.8235488523854817e+123
4.6929696430919406e+123
1.207771527500228e+124
3.108339778720194e+124
7.999793931365356e+124
2.0589020517957564e+125
5.299063256568419e+125
1.363857546935396e+126
3.510309163209473e+126
9.034999503083856e+126
2.325504943345203e+127
5.985669453920893e+127
1.5406872307200083e+128
3.965724013116155e+128
1.0207906967454077e+129
2.6275869352920627e+129
6.763688852462359e+129
1.741070056436481e+130
4.481825403203679e+130
1.1537179410741641e+131
2.9699582688594033e+131
7.645519496886646e+131
1.9682015509854606e+132
5.0668496814289715e+132
1.3044045846307941e+133
3.358090714135493e+133
8.645264947725699e+133
2.225716950088041e+134
5.730166840686968e+134
1.475265803553473e+135
3.798209584373276e+135
9.778971562063144e+135
2.5177523870465704e+136
6.482438310078829e+136
1.6690497395949442e+137
4.297398668929577e+137
1.1064899094527812e+138
2.8490146756427393e+138
7.335796912713308e+138
1.888883908288862e+139
4.863719912881052e+139
1.2523829334306784e+140
3.2248609036849813e+140
8.30405212826824e+140
2.1383281340389457e+141
5.506349931771855e+141
1.417941816580619e+142
3.651389227068154e+142
9.402924245796344e+142
2.4214349370959614e+143
6.235735747678109e+143
1.6058597208766762e+144
4.1355424524051e+144
1.0650311503629427e+145
2.7428184293266777e+145
7.063772473195757e+145
1.8192032071963458e+146
4.685226222911957e+146
1.2066594897952957e+147
3.1077329265455914e+147
8.004006059216888e+147
2.0614645258986068e+148
5.309443881370969e+148
1.3674986010260535e+149
3.5221626577018744e+149
9.071864667505027e+149
2.336621291315503e+150
6.018450380350804e+150
1.5501923968563173e+151
3.9929241485166475e+151
1.028492273816381e+152
2.6492045902203985e+152
6.823927948799838e+152
1.757752853177507e+153
4.5277830828211566e+153
1.1663202404355486e+154
3.0043767245762223e+154
7.739186611794195e+154
1.993611728699342e+155
5.135587702957033e+155
1.3229517572628258e+156
3.4080199607174846e+156
8.779393103653538e+156
2.2616796093603434e+157
5.8264211058448e+157
1.500986674905717e+158
3.8668378537051627e+158
9.961832221901926e+158
2.5664133217063846e+159
6.6117751290837124e+159
1.703388156294314e+160
4.388470940485117e+160
1.130620524986722e+161
2.9128929092706847e+161
7.504748907855968e+161
1.933533893693129e+162
4.981628852782396e+162
1.2834970739663048e+163
3.306909537316505e+163
8.520275625518032e+163
2.195274599325241e+164
5.656241195055141e+164
1.4573733706974298e+165
3.755065887339704e+165
9.67538148663085e+165
2.4930008091200982e+166
6.423629869694918e+166
1.6551690158349345e+167
4.2648908270484336e+167
1.098948152004818e+168
2.831719188474558e+168
7.296705917141453e+168
1.8802134866459312e+169
4.844970398241206e+169
1.2484717482125322e+170
3.2171396998674325e+170
8.290194379727215e+170
2.1363041447208866e+171
5.505097458787427e+171
1.4186343888251249e+172
3.655775187812498e+172
9.420891202960544e+172
2.4277725095526567e+173
6.256442651155008e+173
1.6123169068622154e+174
4.1550551605641175e+174
1.0707956765834035e+175
2.759559982796875e+175
7.111749754789434e+175
1.8328059137376298e+176
4.7234558043025283e+176
1.2173251293212183e+177
3.1373043787325e+177
8.085558920187327e+177
2.083851390110875e+178
5.370648558927397e+178
1.3841718160543688e+179
3.5674388118515227e+179
9.194461786810397e+179
2.3697325034269847e+180
6.107669920470755e+180
1.574182196796946e+181
4.057304716214835e+181
1.0457393064325186e+182
2.695332833893237e+182
6.94711551967027e+182
1.7906049253296221e+183
4.615281027328788e+183
1.1895963817645627e+184
3.0662263612301342e+184
7.903361966505466e+184
2.0371480849538487e+185
5.250931850540251e+185
1.3534842453063884e+186
3.4887757598559143e+186
8.992820454593776e+186
2.3180446193728826e+187
5.975175275716619e+187
1.5402190269334466e+188
3.970244773816189e+188
1.0234226696563948e+189
2.638127138343668e+189
6.8004763824646e+189
1.753015942989983e+190
4.518926698879202e+190
1.1648972422522208e+191
3.0029134483424776e+191
7.741067920442621e+191
1.9955462348828865e+192
5.144291292513271e+192
1.326148443070041e+193
3.418704353857018e+193
8.81320265356703e+193
2.272002278448299e+194
5.857152768357429e+194
1.5099658046320883e+195
3.8926954986766416e+195
1.0035441934424785e+196
2.587172042547909e+196
6.669861916512547e+196
1.7195352837657005e+197
4.433105272830992e+197
1.1428985736670728e+198
2.946524246077468e+198
7.596525831625279e+198
1.9584959575597266e+199
5.049321104376183e+199
1.3018050130851103e+200
3.356305758127263e+200
8.653259235482018e+200
2.2310048725794515e+201
5.752066791485888e+201
1.4830299056995368e+202
3.823653010046494e+202
9.858471959028397e+202
2.5418112254871563e+203
6.553593915500768e+203
1.6897338241562553e+204
4.356719444789251e+204
1.1233197811106676e+205
2.8963412241824804e+205
7.467900816881897e+205
1.925528024535299e+206
4.964821322917936e+206
1.2801470820058748e+207
3.300795174449457e+207
8.510983121590636e+207
2.194539093397825e+208
5.65860454147717e+208
1.4590755703779083e+209
3.7622585615141504e+209
9.701120384677871e+209
2.501482915766279e+210
6.450235507889113e+210
1.6632440419981178e+211
4.2888291530514325e+211
1.1059204081588957e+212
2.851749314036742e+212
7.35361955323784e+212
1.8962399789911152e+213
4.8897624448195357e+213
1.2609112938224627e+214
3.2514989041347266e+214
8.384650876045225e+214
2.1621640496748656e+215
5.5756381077329766e+215
1.4378142462319224e+216
3.707773940190089e+216
9.561498588333341e+216
2.465703925887752e+217
6.358550482104307e+217
1.6397496537448518e+218
4.228625176813903e+218
1.0904934101251624e+219
2.8122187696014517e+219
7.252326608204603e+219
1.8702850085598246e+220
4.823257073522818e+220
1.243870585023301e+221
3.2078359374954828e+221
8.272775790502497e+221
2.1334993116076393e+222
5.5021940044945766e+222
1.4189968233787966e+223
3.659561677816048e+223
9.437975275417376e+223
2.434056798215486e+224
6.277470524973305e+224
1.6189772641976654e+225
4.175407852480956e+225
1.0768597290071591e+226
2.777291339029463e+226
7.162849190539774e+226
1.8473629599056989e+227
4.764537013856084e+227
1.2288283454828496e+228
3.169303068236736e+228
8.17406993544313e+228
2.1082152361291431e+229
5.437428505472882e+229
1.4024073459689431e+230
3.6170690175977244e+230
9.329135600805936e+230
2.406179382005812e+231
6.206068645541114e+231
1.6006895900322783e+232
4.1285697944176386e+232
1.0648638873718252e+233
2.7465690290540503e+233
7.084168498742577e+233
1.8272130322486127e+234
4.7129346392281866e+234
1.2156136666602336e+235
3.1354627749801746e+235
8.087413253845154e+235
2.086025084546551e+236
5.38060754019733e+236
1.3878578847166096e+237
3.579814836224091e+237
9.233747811764975e+237
2.381756325076612e+238
6.143537472543619e+238
1.5846799239321575e+239
4.0875817737930716e+239
1.0543703861853144e+240
2.719704916006205e+240
7.015396279852714e+240
1.8096077973596353e+241
4.6678676359229065e+241
1.2040774496046272e+242
3.1059332919049874e+242
8.011828228612534e+242
2.0666785593589896e+243
5.331090203946542e+243
1.375184329560804e+244
3.5473789088808995e+244
9.150735857173652e+244
2.360512084790577e+245
6.089171420905391e+245
1.5707675840165513e+246
4.051981106658744e+246
1.04526074168128e+247
2.6963955843401698e+247
6.95575553329767e+247
1.7943482752716286e+248
4.628826436289612e+248
1.1940891978364451e+249
3.0803804238423834e+249
7.946458993425118e+249
2.0499564729183474e+250
5.288315150812191e+250
1.3642429167610375e+251
3.5193930451711894e+251
9.079156762822561e+251
2.3422051532097275e+252
6.042351951443729e+252
1.5587941513074747e+253
4.0213620497153876e+253
1.0374310337405094e+254
2.676374868396666e+254
6.904564535230004e+254
1.7812598560287105e+255
4.595363807633602e+255
1.1855343595110959e+256
3.058510761001463e+256
7.890554010075719e+256
2.0356663249082823e+257
5.251789302681405e+257
1.3549073461659363e+258
3.4955337290243502e+258
9.018181839541867e+258
2.3266232590450734e+259
6.0025353199869e+259
1.5486203416511987e+260
3.995367813092086e+260
1.0307898664008332e+261
2.659408644593487e+261
6.861223540222907e+261
1.770188903862285e+262
4.567086180567195e+262
1.178312112969473e+263
3.040066023905447e+263
7.843451626824422e+263
2.0236386142380225e+264
