1 1
2 1
3 1
4 1
5 2.5
6 8.5
7 21.0625
8 44.6875
9 96.4609375
10 222.0859375
11 527.7431640625
12 1252.3896484375
13 2947.9730224609375
14 6940.9715576171875
15 16466.490982055664
16 39364.16850280762
17 94512.39735984802
18 227457.63727378845
19 548724.2334082127
20 1327700.1867501736
21 3222326.3385139406
22 7841468.969663113
23 19125479.740047816
24 46743996.847828194
25 114472613.76745139
26 280868161.08775705
27 690359232.0987909
28 1699661270.968327
29 4190982603.510343
30 10348960966.264545
31 25590030972.072315
32 63358538617.20204
33 157060961128.22992
34 389790304722.9412
35 968427627934.5305
36 2408533066245.6104
37 5996047043140.079
38 14941134371801.805
39 37263942742437.62
40 93017074595124.81
41 232374462912169.38
42 580965442088518.8
43 1453562514333108.5
44 3639359044036296.0
45 9118239263905364.0
46 2.2860191553110188e+16
47 5.7348251702990536e+16
48 1.439531723673886e+17
49 3.6155382226961306e+17
50 9.085855478680863e+17
51 2.2844984205715302e+18
52 5.746978608410034e+18
53 1.4464517336358066e+19
54 3.642305330722534e+19
55 9.175919070315187e+19
56 2.3126865468959975e+20
57 5.8313813558735707e+20
58 1.4709821443974045e+21
59 3.712092265367242e+21
60 9.371301824335513e+21
61 2.3667127620446045e+22
62 5.979302870384652e+22
63 1.5111586655318035e+23
64 3.820493392089226e+23
65 9.662161191045716e+23
66 2.444388890994956e+24
67 6.185908087932782e+24
68 1.5659211016086725e+25
69 3.965206582217678e+25
70 1.0043560927679674e+26
71 2.544673996657433e+26
72 6.449051297469652e+26
73 1.6348412993079648e+27
74 4.145418919705142e+27
75 1.0514082731232312e+28
76 2.667360341997538e+28
77 6.768565337706739e+28
78 1.7179621781601368e+29
79 4.3614420361581504e+29
80 1.107499995728842e+30
81 2.812886165568725e+30
82 7.145837458087579e+30
83 1.8157016878021057e+31
84 4.61449478121976e+31
85 1.1729786323838947e+32
86 2.9822247662456172e+32
87 7.58355934597489e+32
88 1.9287965934628594e+33
89 4.9065771496813546e+33
90 1.2483834120090296e+34
91 3.1768217816668605e+34
92 8.085588241523525e+34
93 2.058271920242474e+35
94 5.240403599283852e+35
95 1.334431017783114e+36
96 3.398564492125957e+36
97 8.656882668617e+36
98 2.205427822105634e+37
99 5.619377155283649e+37
100 1.4320107544068278e+38
101 3.649773634995926e+38
102 9.303491247917253e+38
103 2.371839000448207e+39
104 6.047593262555231e+39
105 1.5421867856332296e+40
106 3.9332120692670356e+40
107 1.0032581778741457e+41
108 2.559363773132254e+41
109 6.529866830419525e+41
110 1.6662059614695343e+42
111 4.2521069500708165e+42
112 1.0852503066817204e+43
113 2.770161103024365e+43
114 7.071778678871174e+43
115 1.8055103876194644e+44
116 4.610183526224305e+44
117 1.1772875315878779e+45
118 3.0067146645449144e+45
119 7.679739370375038e+45
120 1.9617543001955679e+46
121 5.011709624594507e+46
122 1.2804707107838975e+47
123 3.2718635400129996e+47
124 8.361069607843054e+47
125 2.1368250882481147e+48
126 5.461550539624698e+48
127 1.3960538532705585e+49
128 3.56883949912551e+49
129 9.12409723240067e+49
130 2.332868508434655e+50
131 5.965234524972326e+50
132 1.525461116781621e+51
133 3.901311086460779e+51
134 9.978271504186854e+51
135 2.5523182920259904e+52
136 6.529029459319078e+52
137 1.6703066511402817e+53
138 4.273434961109852e+53
139 1.093429588176439e+54
140 2.7979304741027874e+54
141 7.16003157515824e+54
142 1.8324175251549007e+55
143 4.689915123224655e+55
144 1.200428098557649e+56
145 3.0728228908902247e+56
146 7.86626742696926e+56
147 2.0138600465922408e+57
148 5.156070840125786e+57
149 1.3201919874754416e+58
150 3.3805204022030745e+58
151 8.656810553489413e+58
152 2.216969854668666e+59
153 5.677914260523259e+59
154 1.4542688210061002e+60
155 3.7250065079665286e+60
156 9.541914572062346e+60
157 2.4443862362534265e+61
158 6.26223888741188e+61
159 1.60440723380272e+62
160 4.110782145328213e+62
161 1.0533164742282135e+63
162 2.699091193232649e+63
163 6.916720274703983e+63
164 1.7725828827880382e+64
165 4.5429325797400995e+64
166 1.1643650360527814e+65
167 2.9844538714781286e+65
168 7.650030525149045e+65
169 1.961027953719076e+66
170 5.027203442905427e+66
171 1.2888160704745312e+67
172 3.304281053646825e+67
173 8.471968402649538e+67
174 2.172264688696301e+68
175 5.570087125819679e+68
176 1.4283407647917054e+69
177 3.662874520600681e+69
178 9.393607135735751e+69
179 2.4091434704818513e+70
180 6.178920909486587e+70
181 1.584827850715928e+71
182 4.065096201627336e+71
183 1.042746228590107e+72
184 2.674886075915591e+72
185 6.861998412612317e+72
186 1.760412320183849e+73
187 4.5164421640443995e+73
188 1.1587682390290792e+74
189 2.973134797195354e+74
190 7.628696158313888e+74
191 1.9575080367819256e+75
192 5.023126640559995e+75
193 1.289026546898151e+76
194 3.308008227883388e+76
195 8.489617314626597e+76
196 2.178844772622074e+77
197 5.592177460587335e+77
198 1.4353304919572995e+78
199 3.684164621957238e+78
200 9.456754950847184e+78
201 2.4275102745407236e+79
202 6.231544442530392e+79
203 1.599726881365876e+80
204 4.106873861003005e+80
205 1.0543677478549244e+81
206 2.706998047735771e+81
207 6.950222521220888e+81
208 1.7845317169569093e+82
209 4.5820992089705224e+82
210 1.1765739318171085e+83
211 3.021261640876753e+83
212 7.758391631983952e+83
213 1.992366241335524e+84
214 5.1165901982911006e+84
215 1.3140320255896421e+85
216 3.374776325996992e+85
217 8.667575654553163e+85
218 2.22619789664264e+86
219 5.717988178464776e+86
220 1.468709743850518e+87
221 3.7726091910063367e+87
222 9.690823041155595e+87
223 2.489386872621366e+88
224 6.394946271719458e+88
225 1.6428354504387236e+89
226 4.2204988046184015e+89
227 1.084291211914032e+90
228 2.7857390150156855e+90
229 7.157265723750756e+90
230 1.8389332976582867e+91
231 4.724945775345383e+91
232 1.2140584475910573e+92
233 3.119565972965642e+92
234 8.016050915115317e+92
235 2.0598631759492389e+93
236 5.293315710798751e+93
237 1.360281030993802e+94
238 3.495753586819166e+94
239 8.983885615422335e+94
240 2.3088661397295763e+95
241 5.933956294074021e+95
242 1.525109017459565e+96
243 3.919839657806452e+96
244 1.0075033423583765e+97
245 2.589616068342427e+97
246 6.6563304341759975e+97
247 1.710979816096133e+98
248 4.398102400769323e+98
249 1.130566574936874e+99
250 2.9062784272934246e+99
251 7.471167721467711e+99
252 1.9206572272467604e+100
253 4.937661063404299e+100
254 1.2694121161589322e+101
255 3.2635771162020274e+101
256 8.3906367318066e+101
257 2.1572758550714315e+102
258 5.546590403470453e+102
259 1.4261200464676315e+103
260 3.666870528243302e+103
261 9.428541079869703e+103
262 2.424391643209642e+104
263 6.234050952782901e+104
264 1.6030502477632664e+105
265 4.122238103761604e+105
266 1.0600542529436743e+106
267 2.7260393865336845e+106
268 7.010437267744041e+106
269 1.802880618814288e+107
270 4.6365788409755725e+107
271 1.1924414933280128e+108
272 3.066798191906632e+108
273 7.887546675436466e+108
274 2.0286505752323433e+109
275 5.2177234324449014e+109
276 1.3420333306012256e+110
277 3.451865997744264e+110
278 8.878771377373195e+110
279 2.2838105721295547e+111
280 5.874561930871631e+111
281 1.5111202939135449e+112
282 3.887144418464536e+112
283 9.9993171761181e+112
284 2.5722784915561215e+113
285 6.617189116016855e+113
286 1.7023034159368068e+114
287 4.37933535835899e+114
288 1.1266452550298337e+115
289 2.898503855551186e+115
290 7.457070040782942e+115
291 1.918536912132888e+116
292 4.936051043204195e+116
293 1.26997923291812e+117
294 3.267540961231134e+117
295 8.407228584275986e+117
296 2.163176792788916e+118
297 5.5659393506616275e+118
298 1.4321620818335428e+119
299 3.685132189203168e+119
300 9.48246223913765e+119
301 2.4400362401979656e+120
302 6.278826586336014e+120
303 1.615725991359805e+121
304 4.157802913475021e+121
305 1.0699586816730179e+122
306 2.753448701069667e+122
307 7.085880155999757e+122
308 1.8235488523854817e+123
309 4.6929696430919406e+123
310 1.207771527500228e+124
311 3.108339778720194e+124
312 7.999793931365356e+124
313 2.0589020517957564e+125
314 5.299063256568419e+125
315 1.363857546935396e+126
316 3.510309163209473e+126
317 9.034999503083856e+126
318 2.325504943345203e+127
319 5.985669453920893e+127
320 1.5406872307200083e+128
321 3.965724013116155e+128
322 1.0207906967454077e+129
323 2.6275869352920627e+129
324 6.763688852462359e+129
325 1.741070056436481e+130
326 4.481825403203679e+130
327 1.1537179410741641e+131
328 2.9699582688594033e+131
329 7.645519496886646e+131
330 1.9682015509854606e+132
331 5.0668496814289715e+132
332 1.3044045846307941e+133
333 3.358090714135493e+133
334 8.645264947725699e+133
335 2.225716950088041e+134
336 5.730166840686968e+134
337 1.475265803553473e+135
338 3.798209584373276e+135
339 9.778971562063144e+135
340 2.5177523870465704e+136
341 6.482438310078829e+136
342 1.6690497395949442e+137
343 4.297398668929577e+137
344 1.1064899094527812e+138
345 2.8490146756427393e+138
346 7.335796912713308e+138
347 1.888883908288862e+139
348 4.863719912881052e+139
349 1.2523829334306784e+140
350 3.2248609036849813e+140
351 8.30405212826824e+140
352 2.1383281340389457e+141
353 5.506349931771855e+141
354 1.417941816580619e+142
355 3.651389227068154e+142
356 9.402924245796344e+142
357 2.4214349370959614e+143
358 6.235735747678109e+143
359 1.6058597208766762e+144
360 4.1355424524051e+144
361 1.0650311503629427e+145
362 2.7428184293266777e+145
363 7.063772473195757e+145
364 1.8192032071963458e+146
365 4.685226222911957e+146
366 1.2066594897952957e+147
367 3.1077329265455914e+147
368 8.004006059216888e+147
369 2.0614645258986068e+148
370 5.309443881370969e+148
371 1.3674986010260535e+149
372 3.5221626577018744e+149
373 9.071864667505027e+149
374 2.336621291315503e+150
375 6.018450380350804e+150
376 1.5501923968563173e+151
377 3.9929241485166475e+151
378 1.028492273816381e+152
379 2.6492045902203985e+152
380 6.823927948799838e+152
381 1.757752853177507e+153
382 4.5277830828211566e+153
383 1.1663202404355486e+154
384 3.0043767245762223e+154
385 7.739186611794195e+154
386 1.993611728699342e+155
387 5.135587702957033e+155
388 1.3229517572628258e+156
389 3.4080199607174846e+156
390 8.779393103653538e+156
391 2.2616796093603434e+157
392 5.8264211058448e+157
393 1.500986674905717e+158
394 3.8668378537051627e+158
395 9.961832221901926e+158
396 2.5664133217063846e+159
397 6.6117751290837124e+159
398 1.703388156294314e+160
399 4.388470940485117e+160
400 1.130620524986722e+161
401 2.9128929092706847e+161
402 7.504748907855968e+161
403 1.933533893693129e+162
404 4.981628852782396e+162
405 1.2834970739663048e+163
406 3.306909537316505e+163
407 8.520275625518032e+163
408 2.195274599325241e+164
409 5.656241195055141e+164
410 1.4573733706974298e+165
411 3.755065887339704e+165
412 9.67538148663085e+165
413 2.4930008091200982e+166
414 6.423629869694918e+166
415 1.6551690158349345e+167
416 4.2648908270484336e+167
417 1.098948152004818e+168
418 2.831719188474558e+168
419 7.296705917141453e+168
420 1.8802134866459312e+169
421 4.844970398241206e+169
422 1.2484717482125322e+170
423 3.2171396998674325e+170
424 8.290194379727215e+170
425 2.1363041447208866e+171
426 5.505097458787427e+171
427 1.4186343888251249e+172
428 3.655775187812498e+172
429 9.420891202960544e+172
430 2.4277725095526567e+173
431 6.256442651155008e+173
432 1.6123169068622154e+174
433 4.1550551605641175e+174
434 1.0707956765834035e+175
435 2.759559982796875e+175
436 7.111749754789434e+175
437 1.8328059137376298e+176
438 4.7234558043025283e+176
439 1.2173251293212183e+177
440 3.1373043787325e+177
441 8.085558920187327e+177
442 2.083851390110875e+178
443 5.370648558927397e+178
444 1.3841718160543688e+179
445 3.5674388118515227e+179
446 9.194461786810397e+179
447 2.3697325034269847e+180
448 6.107669920470755e+180
449 1.574182196796946e+181
450 4.057304716214835e+181
451 1.0457393064325186e+182
452 2.695332833893237e+182
453 6.94711551967027e+182
454 1.7906049253296221e+183
455 4.615281027328788e+183
456 1.1895963817645627e+184
457 3.0662263612301342e+184
458 7.903361966505466e+184
459 2.0371480849538487e+185
460 5.250931850540251e+185
461 1.3534842453063884e+186
462 3.4887757598559143e+186
463 8.992820454593776e+186
464 2.3180446193728826e+187
465 5.975175275716619e+187
466 1.5402190269334466e+188
467 3.970244773816189e+188
468 1.0234226696563948e+189
469 2.638127138343668e+189
470 6.8004763824646e+189
471 1.753015942989983e+190
472 4.518926698879202e+190
473 1.1648972422522208e+191
474 3.0029134483424776e+191
475 7.741067920442621e+191
476 1.9955462348828865e+192
477 5.144291292513271e+192
478 1.326148443070041e+193
479 3.418704353857018e+193
480 8.81320265356703e+193
481 2.272002278448299e+194
482 5.857152768357429e+194
483 1.5099658046320883e+195
484 3.8926954986766416e+195
485 1.0035441934424785e+196
486 2.587172042547909e+196
487 6.669861916512547e+196
488 1.7195352837657005e+197
489 4.433105272830992e+197
490 1.1428985736670728e+198
491 2.946524246077468e+198
492 7.596525831625279e+198
493 1.9584959575597266e+199
494 5.049321104376183e+199
495 1.3018050130851103e+200
496 3.356305758127263e+200
497 8.653259235482018e+200
498 2.2310048725794515e+201
499 5.752066791485888e+201
500 1.4830299056995368e+202
501 3.823653010046494e+202
502 9.858471959028397e+202
503 2.5418112254871563e+203
504 6.553593915500768e+203
505 1.6897338241562553e+204
506 4.356719444789251e+204
507 1.1233197811106676e+205
508 2.8963412241824804e+205
509 7.467900816881897e+205
510 1.925528024535299e+206
511 4.964821322917936e+206
512 1.2801470820058748e+207
513 3.300795174449457e+207
514 8.510983121590636e+207
515 2.194539093397825e+208
516 5.65860454147717e+208
517 1.4590755703779083e+209
518 3.7622585615141504e+209
519 9.701120384677871e+209
520 2.501482915766279e+210
521 6.450235507889113e+210
522 1.6632440419981178e+211
523 4.2888291530514325e+211
524 1.1059204081588957e+212
525 2.851749314036742e+212
526 7.35361955323784e+212
527 1.8962399789911152e+213
528 4.8897624448195357e+213
529 1.2609112938224627e+214
530 3.2514989041347266e+214
531 8.384650876045225e+214
532 2.1621640496748656e+215
533 5.5756381077329766e+215
534 1.4378142462319224e+216
535 3.707773940190089e+216
536 9.561498588333341e+216
537 2.465703925887752e+217
538 6.358550482104307e+217
539 1.6397496537448518e+218
540 4.228625176813903e+218
541 1.0904934101251624e+219
542 2.8122187696014517e+219
543 7.252326608204603e+219
544 1.8702850085598246e+220
545 4.823257073522818e+220
546 1.243870585023301e+221
547 3.2078359374954828e+221
548 8.272775790502497e+221
549 2.1334993116076393e+222
550 5.5021940044945766e+222
551 1.4189968233787966e+223
552 3.659561677816048e+223
553 9.437975275417376e+223
554 2.434056798215486e+224
555 6.277470524973305e+224
556 1.6189772641976654e+225
557 4.175407852480956e+225
558 1.0768597290071591e+226
559 2.777291339029463e+226
560 7.162849190539774e+226
561 1.8473629599056989e+227
562 4.764537013856084e+227
563 1.2288283454828496e+228
564 3.169303068236736e+228
565 8.17406993544313e+228
566 2.1082152361291431e+229
567 5.437428505472882e+229
568 1.4024073459689431e+230
569 3.6170690175977244e+230
570 9.329135600805936e+230
571 2.406179382005812e+231
572 6.206068645541114e+231
573 1.6006895900322783e+232
574 4.1285697944176386e+232
575 1.0648638873718252e+233
576 2.7465690290540503e+233
577 7.084168498742577e+233
578 1.8272130322486127e+234
579 4.7129346392281866e+234
580 1.2156136666602336e+235
581 3.1354627749801746e+235
582 8.087413253845154e+235
583 2.086025084546551e+236
584 5.38060754019733e+236
585 1.3878578847166096e+237
586 3.579814836224091e+237
587 9.233747811764975e+237
588 2.381756325076612e+238
589 6.143537472543619e+238
590 1.5846799239321575e+239
591 4.0875817737930716e+239
592 1.0543703861853144e+240
593 2.719704916006205e+240
594 7.015396279852714e+240
595 1.8096077973596353e+241
596 4.6678676359229065e+241
597 1.2040774496046272e+242
598 3.1059332919049874e+242
599 8.011828228612534e+242
600 2.0666785593589896e+243
601 5.331090203946542e+243
602 1.375184329560804e+244
603 3.5473789088808995e+244
604 9.150735857173652e+244
605 2.360512084790577e+245
606 6.089171420905391e+245
607 1.5707675840165513e+246
608 4.051981106658744e+246
609 1.04526074168128e+247
610 2.6963955843401698e+247
611 6.95575553329767e+247
612 1.7943482752716286e+248
613 4.628826436289612e+248
614 1.1940891978364451e+249
615 3.0803804238423834e+249
616 7.946458993425118e+249
617 2.0499564729183474e+250
618 5.288315150812191e+250
619 1.3642429167610375e+251
620 3.5193930451711894e+251
621 9.079156762822561e+251
622 2.3422051532097275e+252
623 6.042351951443729e+252
624 1.5587941513074747e+253
625 4.0213620497153876e+253
626 1.0374310337405094e+254
627 2.676374868396666e+254
628 6.904564535230004e+254
629 1.7812598560287105e+255
630 4.595363807633602e+255
631 1.1855343595110959e+256
632 3.058510761001463e+256
633 7.890554010075719e+256
634 2.0356663249082823e+257
635 5.251789302681405e+257
636 1.3549073461659363e+258
637 3.4955337290243502e+258
638 9.018181839541867e+258
639 2.3266232590450734e+259
640 6.0025353199869e+259
641 1.5486203416511987e+260
642 3.995367813092086e+260
643 1.0307898664008332e+261
644 2.659408644593487e+261
645 6.861223540222907e+261
646 1.770188903862285e+262
647 4.567086180567195e+262
648 1.178312112969473e+263
649 3.040066023905447e+263
650 7.843451626824422e+263
651 2.0236386142380225e+264
