1
1
1
1
2.0
6.0
14.25
28.75
57.0625
119.0625
258.953125
569.046875
1243.34765625
2707.39453125
5921.1455078125
13049.8193359375
28934.418212890625
64370.338134765625
143531.48712158203
320847.7272338867
719288.9864654541
1617086.798538208
3644463.1809272766
8231153.512508392
18626791.72457981
42230735.21421909
95917033.53435445
218218060.76343226
497235051.9662586
1134654858.4571297
2592746114.8452144
5932234750.61661
13589657257.19236
31167463886.561134
71559962631.91966
164471139637.5759
378388299678.4447
871351215664.161
2008338244126.433
4632872562720.26
10695886079737.176
24712706183158.28
57140787481672.08
132214994952131.55
306133483227592.75
709290960327330.2
1644409831513522.8
3814670275411586.0
8854318163403986.0
2.0563397510520224e+16
4.778231987151128e+16
1.1108711347309635e+17
2.5839027234707555e+17
6.013080629255722e+17
1.3999710183033544e+18
3.2608839512151194e+18
7.59870172494007e+18
1.7714341181860442e+19
4.1312955601724195e+19
9.638680027413673e+19
2.2496426826891733e+20
5.252536774593205e+20
1.226815819190791e+21
2.8664190962824024e+21
6.699549798570593e+21
1.5663647816620582e+22
3.663342220635295e+22
8.570289040360599e+22
2.0055944151496204e+23
4.694797247450593e+23
1.0992924028655993e+24
2.574713878624647e+24
6.031994276560951e+24
1.4135332479173823e+25
3.313304684594995e+25
7.768267114624621e+25
1.8217620560550608e+26
4.273279277176294e+26
1.0026065019231227e+27
2.352864710320488e+27
5.522786635427535e+27
1.2966184523466757e+28
3.044784680534091e+28
7.1513714548802745e+28
1.6799967023984e+29
3.947407039285529e+29
9.27679363237079e+29
2.1805425103150794e+30
5.126372180276168e+30
1.2054047945121081e+31
2.8348576043693346e+31
6.668121992791652e+31
1.5687300916741342e+32
3.691168063021539e+32
8.686580681758645e+32
2.044569749315719e+33
4.813064372425154e+33
1.1332004755385157e+34
2.668430377799578e+34
6.28445764225657e+34
1.4802712884132969e+35
3.4871869678963485e+35
8.216150948802541e+35
1.9360640984569978e+36
4.562765157415065e+36
1.075455664517046e+37
2.535198051826242e+37
5.9770276328578995e+37
1.4093266219531325e+38
3.323457468817895e+38
7.838261603151144e+38
1.8488413570528144e+39
4.361430279027627e+39
1.0289796032817392e+40
2.4279085016239078e+40
5.729342397738904e+40
1.3521453063734373e+41
3.191444617253847e+41
7.533484032901926e+41
1.7784772553532905e+42
4.19898120744155e+42
9.914755857783902e+42
2.3413261659408936e+43
5.529462943759477e+43
1.3060039137469364e+44
3.084933930822247e+44
7.287633146126263e+44
1.7217329141099003e+45
4.0680203550508014e+45
9.612534994043466e+45
2.2715885421622912e+46
5.368559548149274e+46
1.2688833895472087e+47
2.9993072456908388e+47
7.090142991893661e+47
1.6761902931587687e+48
3.9630125406578655e+48
9.37045950965073e+48
2.215792945212665e+49
5.239982613506696e+49
1.2392600474678149e+50
2.93107236682432e+50
6.933007818881687e+50
1.6400136812164067e+51
3.879747558096307e+51
9.178871184265284e+51
2.171723303943485e+52
5.138646316792177e+52
1.215966465490105e+53
2.877549004354279e+53
6.8100727259747435e+53
1.611789421344644e+54
3.8149779097929385e+54
9.030308387354603e+54
2.137664883378765e+55
5.060609381458711e+55
1.1980965944963955e+56
2.8366539158502827e+56
6.716547008022478e+56
1.590415647077662e+57
3.766168894793092e+57
8.918939473818126e+57
2.1122757827410344e+58
5.0027835531836306e+58
1.184939601737788e+59
2.806750729828128e+59
6.64866315101818e+59
1.5750248279314098e+60
3.731322630746576e+60
8.840162844584675e+60
2.0944960169596543e+61
4.962726856871106e+61
1.1759328458896377e+62
2.7865429557855788e+62
6.603433346398617e+62
1.5649283428375227e+63
3.7088518493508166e+63
8.790319509307064e+63
2.083482034846197e+64
4.938494383712278e+64
1.1706278676620723e+65
2.7749964494505485e+65
6.578472684722827e+65
1.559576152613147e+66
3.697487892382589e+66
8.766483138593167e+66
2.078558799357135e+67
4.928528891829854e+67
1.168665408732067e+68
2.7712823567068924e+68
6.571868813129479e+68
1.5585270173552407e+69
3.696212645702825e+69
8.76630447191238e+69
2.0791842135282362e+70
4.9315794545120184e+70
1.1697568042946515e+71
2.774734544743622e+71
6.582084530358198e+71
1.5614262042150555e+72
3.7042075113609056e+72
8.78789449071389e+72
2.0849223683826587e+73
4.946640189702499e+73
1.1736699477208365e+74
2.7848174453722294e+74
6.607884099015862e+74
1.5679885987894229e+75
3.720814693752629e+75
8.829735659629519e+75
2.0954231899369415e+76
4.972903581596215e+76
1.1802185834164264e+77
2.8011014909785926e+77
6.648276882552915e+77
1.5779857704424829e+78
3.745507511476706e+78
8.890613774946398e+78
2.1104067921548503e+79
5.009724551035179e+79
1.1892540552841236e+80
2.8232441614842255e+80
6.702473805768312e+80
1.5912359689063806e+81
3.7778674109531953e+81
8.969565138146246e+81
2.1296513349698815e+82
5.05659254399075e+82
1.2006588897137332e+83
2.850975229445183e+83
6.769853424067427e+83
1.6075963205376542e+84
3.8175660164288893e+84
9.065835262903615e+84
2.1529835239592e+85
5.1131096715915594e+85
1.2143417651087887e+86
2.8840851825369944e+86
6.849935275240598e+86
1.6269566939950969e+87
3.864351007545157e+87
9.178846359162244e+87
2.1802711230399327e+88
5.178973467765194e+88
1.2302335408049357e+89
2.922416076927316e+89
6.942358810059509e+89
1.6492348464423612e+90
3.9180349365972697e+90
9.308171566890735e+90
2.2114170171648097e+91
5.25396320685296e+91
1.2482841037526333e+92
2.965854269426894e+92
7.046866639936926e+92
1.67437256187548e+93
3.97848632618298e+93
9.453514432067526e+93
2.2463544802961873e+94
5.337928992771252e+94
1.2684598526121196e+95
3.014324615801826e+95
7.163291157504435e+95
1.702332565505119e+96
4.045622552685793e+96
9.614692492762623e+96
2.285043389451914e+97
5.430783026173112e+97
1.2907416833274828e+98
3.067785823890715e+98
7.29154381684509e+98
1.7330960507747257e+99
4.1194041411242116e+99
9.791624117118323e+99
2.3274671881185895e+100
5.532492598687994e+100
1.3151233727977675e+101
3.126226724474076e+101
7.431606529751861e+101
1.7666606943290686e+102
4.1998301853571374e+102
9.98431793708134e+102
2.3736304484827203e+103
5.643074468772082e+103
1.341610281360403e+104
3.189663277915435e+104
7.583524760270273e+104
1.8030390630282433e+105
4.2869346734386423e+105
1.0192864372215963e+106
2.42355691634808e+106
5.7625903524301915e+106
1.3702183128139463e+107
3.258136175808619e+107
7.747401994097075e+107
1.8422573386865696e+108
4.380783547326707e+108
1.0417428851048934e+109
2.477287948507398e+109
5.891143321381385e+109
1.400973084291207e+110
3.331708927978398e+110
7.923395330686487e+110
1.884354302549708e+111
4.481472363575934e+111
1.0658246423169279e+112
2.5348812719974388e+112
6.028874946311244e+112
1.4339092686266627e+113
3.4104663488779334e+113
8.11171200025647e+113
1.9293805339842128e+114
4.58912445023158e+114
1.091561752088881e+115
2.5964100097131845e+115
6.175963057380083e+115
1.4690700797865103e+116
3.494513375612439e+116
8.312606649632186e+116
1.9773977874398002e+117
4.7038894771494304e+117
1.1189904679806396e+118
2.661961928464102e+118
6.33262002081875e+118
1.5065068780537963e+119
3.583974163889848e+119
8.52637927320013e+119
2.0284785191737097e+120
4.825942374041248e+120
1.1481530066863591e+121
2.731638874575726e+121
6.499091451179164e+121
1.5462788764294473e+122
3.6789914191634205e+122
8.753373690454245e+122
2.0827055410253915e+123
4.955482543884684e+123
1.179097369517035e+124
2.8055563692026773e+124
6.675655295061728e+124
1.5884529334496747e+125
3.7797259288381156e+125
8.99397649143565e+125
2.1401717830920785e+126
5.092733329840075e+126
1.2118772229060837e+127
2.883843341085745e+127
6.862621234957808e+127
1.6331034205736406e+128
3.886356268217254e+128
9.248616387036227e+128
2.2009801507660748e+129
5.2379417021345573e+129
1.2465518302011325e+130
2.9666419789068054e+130
7.060330372040944e+130
1.6803121546441416e+131
3.999078658279168e+131
9.51776391362216e+131
2.265243464473754e+132
5.3913781380173666e+132
1.2831860285373199e+133
3.054107688927162e+133
7.269155154883774e+133
1.7301683878041141e+134
4.118106957713707e+134
9.801931451450294e+134
2.3330844727682114e+135
5.5533366732221045e+135
1.3218502458185302e+136
3.146409146439021e+136
7.489499527648514e+136
1.7827688487682802e+137
4.243672775149991e+137
1.0101673524432971e+138
2.4046359312946265e+138
5.724135107689649e+138
1.3626205538302112e+139
3.243728431863088e+139
7.721799276619403e+139
1.8382178305794264e+140
4.37602569035011e+140
1.041758735538697e+141
2.4800407416685527e+141
5.9041153518191676e+141
1.4055787543206082e+142
3.3462612442066644e+142
7.96652255829795e+142
1.8966273209856294e+143
4.515433575473587e+143
1.0750313656286226e+144
2.559452145553564e+144
6.093643902401967e+144
1.4508124955549086e+145
3.454217186141591e+145
8.224170595858917e+145
1.958117172402936e+146
4.6621830094348635e+146
1.1100537637485778e+147
2.6430339702547538e+147
6.2931124397765166e+147
1.4984154173996793e+148
3.567820116243193e+148
8.495278533736538e+148
2.0228153091168512e+149
4.816579779972835e+149
1.1468990223582251e+150
2.730960923002291e+150
6.5029385397344096e+150
1.5484873234562607e+151
3.687308565001609e+151
8.780416442590957e+151
2.0908579699512923e+152
4.978949469387326e+152
1.1856449466678789e+153
2.8234189318186883e+153
6.723566495376437e+153
1.601134379150176e+154
3.812936212117255e+154
9.080190468999798e+154
2.1623899851210326e+155
5.149638121028897e+155
1.2263742150449334e+156
2.9206055314757715e+156
6.95546824554002e+156
1.656469335013304e+157
3.944972423361842e+157
9.395244126005121e+157
2.2375650863979405e+158
5.329012984592082e+158
1.2691745580644393e+159
3.022730293567592e+159
7.19914440763348e+159
1.7146117746791058e+160
4.0837028459424933e+160
9.72625972217972e+160
2.3165462500792907e+161
5.517463339097705e+161
1.3141389559619268e+162
3.1300153001801125e+162
7.455125413767077e+162
1.7756883873564668e+163
4.2294300618825364e+163
1.0073959928213632e+164
2.3995060725580137e+164
5.715401393173512e+164
1.3613658544161648e+165
3.242695661032446e+165
7.723972749996654e+165
1.839833264763866e+166
4.382474299433951e+166
1.0439109481197596e+167
2.486627178569126e+167
5.923263262887692e+167
1.4109593987400752e+168
3.3610200743163314e+168
8.006280299312287e+168
1.9071882226968826e+169
4.543174202985325e+169
1.082251702782829e+170
2.57810266243262e+170
6.141510027960623e+170
1.4630296866914253e+171
3.4852514317747135e+171
8.302675789743004e+171
1.9779031475748318e+172
4.7118876623348796e+172
1.1225037108710056e+173
2.674136562834262e+173
6.370628867705006e+173
1.5176930402380239e+174
3.6156674688457326e+174
8.613822349620017e+174
2.0521363684696132e+175
4.888992702564375e+175
1.1647572286790394e+176
2.7749443718902856e+176
6.611134278516711e+176
1.575072296723595e+177
3.7525614609642155e+177
8.940420172660562e+177
2.130055055265857e+178
5.0748884360961454e+178
1.2091075423776958e+179
2.880753579430326e+179
6.863569375190512e+179
1.6352971199859372e+180
3.8962429673565393e+180
9.283208296113081e+180
2.2118356437377788e+181
5.269996078834434e+181
1.2556552109137164e+182
2.9918042536124244e+182
7.12850727875078e+182
1.6985043320775183e+183
4.0470386239012936e+183
9.642966495757864e+183
2.2976642884580244e+184
5.4747600325986136e+184
1.3045063247007129e+185
3.1083496591535635e+185
7.406552593889911e+185
1.7648382663339492e+186
4.205292986849516e+186
1.0020517302084957e+187
2.3877373445787666e+187
5.689649036352923e+187
1.3557727807030692e+188
3.230656914624159e+188
7.69834297950026e+188
1.8344511426275896e+189
4.371369429417961e+189
1.0416728142485314e+190
2.4822618796473996e+190
5.915157389023455e+190
1.4095725745834157e+191
3.3590076904167405e+191
8.004550816162055e+191
1.9075034657344435e+192
4.5456510934819977e+192
1.0832513614798964e+193
2.581456216738368e+193
6.151806246977183e+193
1.4660301106513073e+194
3.49369894915742e+194
8.325884974831232e+194
1.9841644478307816e+195
4.72854189880635e+195
1.1268837898066165e+196
2.6855505103028413e+196
6.400144999522898e+196
1.525276530417931e+197
3.635043730489654e+197
8.66309269134704e+197
2.0646124562276368e+198
4.920467612466472e+198
1.1726717306833502e+199
2.7947873562574762e+199
6.660752726076946e+199
1.5874500606293075e+200
3.783371982318135e+200
9.016961551762484e+200
2.149035487539325e+201
5.121876981326223e+201
1.2207222995877437e+202
2.909422437954506e+202
6.934239738923678e+202
1.6526963817188253e+203
3.939031440765173e+203
9.388321593883448e+203
2.2376316695765175e+204
5.333242930657373e+204
1.2711483822724962e+205
3.029725209799132e+205
7.221249215797145e+205
1.7211690176897256e+206
4.1023885612574765e+206
9.778047530803238e+206
2.330609792346504e+207
5.555063832210015e+207
1.324068937588866e+208
3.1559796204077763e+208
7.522458926810912e+208
1.7930297485105794e+209
4.2738295033319665e+209
1.0187061102620158e+210
2.428189869641214e+210
5.787864845273153e+210
1.379609317727543e+211
3.2884848773297075e+211
7.838583060571942e+211
1.8684490461796442e+212
4.453761171925196e+212
1.0616333562950468e+213
2.5306037327932485e+213
6.032199334502586e+213
1.437901606780168e+214
3.4275562554905983e+214
8.170374154639875e+214
1.947606535691653e+215
4.642612318094885e+215
1.1066888307279638e+216
2.638095658283333e+216
6.288650368541205e+216
1.4990849785830841e+217
3.5735259516573485e+217
8.51862513582326e+217
2.0306914822199996e+218
4.840834702309778e+218
1.1539803650651942e+219
2.7509230309915926e+219
6.55783230371197e+219
1.5633060748664496e+220
3.726743987368011e+220
8.88417147615631e+220
2.1179033059099953e+221
5.04890432364464e+221
1.2036215762665543e+222
2.869357044996066e+222
6.840392457335441e+222
1.6307194047961699e+223
3.887579162924836e+223
9.267893470760698e+223
2.2094521257658176e+224
5.267322718421039e+224
1.2557321768237856e+225
2.9936834439410426e+225
7.137012875499623e+225
1.7014877670618492e+226
4.0564200652071536e+226
9.670718644178788e+226
2.3055593342048057e+227
5.496618332054542e+227
1.310438302311952e+228
3.1242033031198404e+228
7.448412200408981e+228
1.7757826957359554e+229
4.2336761322284104e+229
1.009362429216455e+230
2.4064582039477537e+230
5.737347968093162e+230
1.36787285736809e+231
3.261233855547011e+231
7.775347642744912e+231
1.8537849312012252e+232
4.419778777537396e+232
1.053764016633783e+233
2.512394529013816e+233
5.990098318672466e+233
1.4281758811060555e+234
3.4051093644302155e+234
8.118617064794326e+234
1.9356849175217855e+235
4.615182577748647e+235
1.100385130954368e+236
2.623627301694239e+236
6.255487580863477e+236
1.4914949330366759e+237
3.5561820445947924e+237
8.479061180446514e+237
2.0216833277146777e+238
4.8203665266802435e+238
1.1493401050231543e+239
2.740429427488839e+239
6.5341671636518965e+239
1.55798550062528e+240
3.714823035565502e+240
8.857565878514819e+240
2.1119916184638872e+241
5.035835359783393e+241
1.2007494164647996e+242
